$ 1 0.000005 10.20027730826997 50 5 43
a 224 208 288 208 8 12 -12 1000000 -0.03395905299040505 -0.03407221658534982 100000
w 224 192 176 192 0
w 224 224 176 224 0
w 288 208 336 208 0
r 176 192 176 224 0 27000
w 176 192 128 192 0
w 176 224 128 224 0
r 128 192 96 192 0 1000
r 128 224 96 224 0 1000
w 96 192 80 192 0
w 96 224 80 224 0
w 304 144 288 144 0
r 288 144 256 144 0 316000
w 256 144 208 144 0
w 176 224 176 272 0
w 336 208 336 144 0
w 336 144 304 144 0
w 208 144 176 144 0
w 176 144 176 192 0
w 336 208 384 208 0
w 176 272 208 272 0
r 208 272 240 272 0 301000
w 240 272 272 272 0
r 272 272 304 272 0 38000
w 304 272 336 272 0
w 336 208 336 224 0
w 336 272 336 256 0
r 336 224 336 256 0 10000
c 384 208 416 208 0 0.0000047 0.09253381783095804
w 416 208 432 208 0
r 432 208 464 208 0 100
w 32 192 80 192 0
w 48 224 80 224 0
w 480 208 480 224 0
174 480 224 480 256 0 100000 0.797 Resistance
w 496 240 512 240 0
w 480 256 480 272 0
w 464 208 480 208 0
w 16 192 32 192 0
R -16 192 -16 128 0 1 40 0.0018000000000000002 0 0 0.5
w -16 192 16 192 0
R -16 256 -16 304 0 1 40 0.0018 0 3.141592653589793 0.5
w -16 256 -16 224 0
w -16 224 48 224 0
w 512 240 544 240 0
a 592 192 640 192 8 15 -15 1000000 -9.595747026902997 -9.595842984373265 100000
w 640 192 656 192 0
w 656 192 656 128 0
w 656 128 560 128 0
w 560 128 560 176 0
w 560 176 592 176 0
w 544 240 544 208 0
w 544 208 592 208 0
w 656 192 672 192 0
v -16 368 -16 384 0 1 100 10 0 0 0.5
w -16 384 -16 416 0
g -16 416 -16 432 0
w -16 368 -16 336 0
w -16 336 32 336 0
174 32 336 32 384 0 100 0.08420000000000001 Resistance
g 32 400 32 432 0
w 48 368 96 368 0
r 208 368 272 368 0 6200
c 96 368 128 368 0 1e-7 -7.22730964776437
w 128 368 144 368 0
r 144 368 144 416 0 6200
g 144 416 144 432 0
S 176 320 144 320 0 1 false 0 2
w 144 368 144 336 0
w 96 368 96 304 0
w 96 304 144 304 0
w 208 368 208 320 0
w 208 320 176 320 0
w 480 272 480 304 0
w 272 368 336 368 0
w 480 352 480 304 0
w 336 368 320 432 0
w 320 432 480 432 0
w 480 432 480 352 0
o 31 64 0 4098 0.00244140625 0.00009765625 0 2 31 3
o 71 64 0 4098 10 0.003125 1 2 71 3
o 37 64 0 4098 20 0.000390625 2 2 37 3
o 53 64 0 4098 10 0.00009765625 3 2 53 3
o 53 64 0 4099 10 0.00009765625 4 2 53 3
